+-----------------+-------------+----------------+------------------+
| Количество эпох | Размер окна | Норма обучения | Суммарная ошибка |
+-----------------+-------------+----------------+------------------+
|      20000      |      2      |      0.05      |      3.1358      |
|      20000      |      2      |      0.1       |      2.5212      |
|      20000      |      2      |      0.15      |      2.1991      |
|      20000      |      2      |      0.2       |      1.5351      |
|      20000      |      2      |      0.25      |      1.4543      |
|      20000      |      2      |      0.3       |      1.0895      |
|      20000      |      2      |      0.35      |      0.9259      |
|      20000      |      2      |      0.4       |      0.8898      |
|      20000      |      2      |      0.45      |      0.6195      |
|      20000      |      2      |      0.5       |      0.5692      |
|      20000      |      2      |      0.55      |       0.46       |
|      20000      |      2      |      0.6       |      0.4871      |
|      20000      |      2      |      0.65      |      0.5738      |
|      20000      |      2      |      0.7       |      0.4542      |
|      20000      |      2      |      0.75      |      0.3592      |
|      20000      |      2      |      0.8       |      0.3436      |
|      20000      |      2      |      0.85      |      0.2948      |
|      20000      |      2      |      0.9       |      0.3382      |
|      20000      |      2      |      0.95      |      0.3544      |
|      20000      |      3      |      0.05      |      2.4368      |
|      20000      |      3      |      0.1       |      0.7127      |
|      20000      |      3      |      0.15      |      0.2198      |
|      20000      |      3      |      0.2       |      0.0928      |
|      20000      |      3      |      0.25      |      0.024       |
|      20000      |      3      |      0.3       |      0.0119      |
|      20000      |      3      |      0.35      |      0.0066      |
|      20000      |      3      |      0.4       |      0.0036      |
|      20000      |      3      |      0.45      |      0.0016      |
|      20000      |      3      |      0.5       |      0.0013      |
|      20000      |      3      |      0.55      |      0.0013      |
|      20000      |      3      |      0.6       |      0.0008      |
|      20000      |      3      |      0.65      |      0.0008      |
|      20000      |      3      |      0.7       |      0.0005      |
|      20000      |      3      |      0.75      |      0.0006      |
|      20000      |      3      |      0.8       |      0.0004      |
|      20000      |      3      |      0.85      |      0.0003      |
|      20000      |      3      |      0.9       |      0.0003      |
|      20000      |      3      |      0.95      |      0.0002      |
|      20000      |      4      |      0.05      |      0.9947      |
|      20000      |      4      |      0.1       |      0.0809      |
|      20000      |      4      |      0.15      |      0.0063      |
|      20000      |      4      |      0.2       |      0.0006      |
|      20000      |      4      |      0.25      |      0.0002      |
|      20000      |      4      |      0.3       |       0.0        |
|      20000      |      4      |      0.35      |       0.0        |
|      20000      |      4      |      0.4       |       0.0        |
|      20000      |      4      |      0.45      |       0.0        |
|      20000      |      4      |      0.5       |       0.0        |
|      20000      |      4      |      0.55      |       0.0        |
|      20000      |      4      |      0.6       |       0.0        |
|      20000      |      4      |      0.65      |       0.0        |
|      20000      |      4      |      0.7       |       0.0        |
|      20000      |      4      |      0.75      |       0.0        |
|      20000      |      4      |      0.8       |       0.0        |
|      20000      |      4      |      0.85      |       0.0        |
|      20000      |      4      |      0.9       |       0.0        |
|      20000      |      4      |      0.95      |       0.0        |
|      20000      |      5      |      0.05      |      0.239       |
|      20000      |      5      |      0.1       |      0.0107      |
|      20000      |      5      |      0.15      |      0.0003      |
|      20000      |      5      |      0.2       |       0.0        |
|      20000      |      5      |      0.25      |       0.0        |
|      20000      |      5      |      0.3       |       0.0        |
|      20000      |      5      |      0.35      |       0.0        |
|      20000      |      5      |      0.4       |       0.0        |
|      20000      |      5      |      0.45      |       0.0        |
|      20000      |      5      |      0.5       |       0.0        |
|      20000      |      5      |      0.55      |       0.0        |
|      20000      |      5      |      0.6       |       0.0        |
|      20000      |      5      |      0.65      |       0.0        |
|      20000      |      5      |      0.7       |       0.0        |
|      20000      |      5      |      0.75      |       0.0        |
|      20000      |      5      |      0.8       |       0.0        |
|      20000      |      5      |      0.85      |       0.0        |
|      20000      |      5      |      0.9       |       0.0        |
|      20000      |      5      |      0.95      |       0.0        |
|      20000      |      6      |      0.05      |      0.1346      |
|      20000      |      6      |      0.1       |      0.0014      |
|      20000      |      6      |      0.15      |       0.0        |
|      20000      |      6      |      0.2       |       0.0        |
|      20000      |      6      |      0.25      |       0.0        |
|      20000      |      6      |      0.3       |       0.0        |
|      20000      |      6      |      0.35      |       0.0        |
|      20000      |      6      |      0.4       |       0.0        |
|      20000      |      6      |      0.45      |       0.0        |
|      20000      |      6      |      0.5       |       0.0        |
|      20000      |      6      |      0.55      |       0.0        |
|      20000      |      6      |      0.6       |       0.0        |
|      20000      |      6      |      0.65      |       0.0        |
|      20000      |      6      |      0.7       |       0.0        |
|      20000      |      6      |      0.75      |       0.0        |
|      20000      |      6      |      0.8       |       0.0        |
|      20000      |      6      |      0.85      |       0.0        |
|      20000      |      6      |      0.9       |       0.0        |
|      20000      |      6      |      0.95      |       0.0        |
|      20000      |      7      |      0.05      |      0.0578      |
|      20000      |      7      |      0.1       |      0.0009      |
|      20000      |      7      |      0.15      |       0.0        |
|      20000      |      7      |      0.2       |       0.0        |
|      20000      |      7      |      0.25      |       0.0        |
|      20000      |      7      |      0.3       |       0.0        |
|      20000      |      7      |      0.35      |       0.0        |
|      20000      |      7      |      0.4       |       0.0        |
|      20000      |      7      |      0.45      |       0.0        |
|      20000      |      7      |      0.5       |       0.0        |
|      20000      |      7      |      0.55      |       0.0        |
|      20000      |      7      |      0.6       |       0.0        |
|      20000      |      7      |      0.65      |       0.0        |
|      20000      |      7      |      0.7       |       0.0        |
|      20000      |      7      |      0.75      |       0.0        |
|      20000      |      7      |      0.8       |       0.0        |
|      20000      |      7      |      0.85      |       0.0        |
|      20000      |      7      |      0.9       |       nan        |
|      20000      |      7      |      0.95      |       nan        |
|      20000      |      8      |      0.05      |      0.1463      |
|      20000      |      8      |      0.1       |      0.0001      |
|      20000      |      8      |      0.15      |       0.0        |
|      20000      |      8      |      0.2       |       0.0        |
|      20000      |      8      |      0.25      |       0.0        |
|      20000      |      8      |      0.3       |       0.0        |
|      20000      |      8      |      0.35      |       0.0        |
|      20000      |      8      |      0.4       |       0.0        |
|      20000      |      8      |      0.45      |       0.0        |
|      20000      |      8      |      0.5       |       0.0        |
|      20000      |      8      |      0.55      |       0.0        |
|      20000      |      8      |      0.6       |       0.0        |
|      20000      |      8      |      0.65      |       0.0        |
|      20000      |      8      |      0.7       |       0.0        |
|      20000      |      8      |      0.75      |       0.0        |
|      20000      |      8      |      0.8       |       0.0        |
|      20000      |      8      |      0.85      |       nan        |
|      20000      |      8      |      0.9       |       nan        |
|      20000      |      8      |      0.95      |       nan        |
|      18000      |      2      |      0.05      |      2.8791      |
|      18000      |      2      |      0.1       |      2.6055      |
|      18000      |      2      |      0.15      |      2.2794      |
|      18000      |      2      |      0.2       |      1.7079      |
|      18000      |      2      |      0.25      |      1.6402      |
|      18000      |      2      |      0.3       |      1.3111      |
|      18000      |      2      |      0.35      |      1.0559      |
|      18000      |      2      |      0.4       |      0.9607      |
|      18000      |      2      |      0.45      |      1.0067      |
|      18000      |      2      |      0.5       |      0.9377      |
|      18000      |      2      |      0.55      |      0.7446      |
|      18000      |      2      |      0.6       |      0.7067      |
|      18000      |      2      |      0.65      |      0.6285      |
|      18000      |      2      |      0.7       |      0.5919      |
|      18000      |      2      |      0.75      |      0.5804      |
|      18000      |      2      |      0.8       |      0.4738      |
|      18000      |      2      |      0.85      |      0.4271      |
|      18000      |      2      |      0.9       |      0.4577      |
|      18000      |      2      |      0.95      |      0.439       |
|      18000      |      3      |      0.05      |      2.3886      |
|      18000      |      3      |      0.1       |      1.0459      |
|      18000      |      3      |      0.15      |      0.305       |
|      18000      |      3      |      0.2       |      0.1075      |
|      18000      |      3      |      0.25      |      0.0652      |
|      18000      |      3      |      0.3       |      0.0329      |
|      18000      |      3      |      0.35      |      0.0106      |
|      18000      |      3      |      0.4       |      0.0107      |
|      18000      |      3      |      0.45      |      0.0053      |
|      18000      |      3      |      0.5       |      0.0038      |
|      18000      |      3      |      0.55      |      0.0036      |
|      18000      |      3      |      0.6       |      0.0026      |
|      18000      |      3      |      0.65      |      0.0027      |
|      18000      |      3      |      0.7       |      0.0023      |
|      18000      |      3      |      0.75      |      0.0009      |
|      18000      |      3      |      0.8       |      0.001       |
|      18000      |      3      |      0.85      |      0.0008      |
|      18000      |      3      |      0.9       |      0.0008      |
|      18000      |      3      |      0.95      |      0.0008      |
|      18000      |      4      |      0.05      |      1.4595      |
|      18000      |      4      |      0.1       |      0.1086      |
|      18000      |      4      |      0.15      |      0.0104      |
|      18000      |      4      |      0.2       |      0.0009      |
|      18000      |      4      |      0.25      |      0.0003      |
|      18000      |      4      |      0.3       |      0.0001      |
|      18000      |      4      |      0.35      |      0.0001      |
|      18000      |      4      |      0.4       |       0.0        |
|      18000      |      4      |      0.45      |       0.0        |
|      18000      |      4      |      0.5       |       0.0        |
|      18000      |      4      |      0.55      |       0.0        |
|      18000      |      4      |      0.6       |       0.0        |
|      18000      |      4      |      0.65      |       0.0        |
|      18000      |      4      |      0.7       |       0.0        |
|      18000      |      4      |      0.75      |       0.0        |
|      18000      |      4      |      0.8       |       0.0        |
|      18000      |      4      |      0.85      |       0.0        |
|      18000      |      4      |      0.9       |       0.0        |
|      18000      |      4      |      0.95      |       0.0        |
|      18000      |      5      |      0.05      |      0.492       |
|      18000      |      5      |      0.1       |      0.0175      |
|      18000      |      5      |      0.15      |      0.0004      |
|      18000      |      5      |      0.2       |       0.0        |
|      18000      |      5      |      0.25      |       0.0        |
|      18000      |      5      |      0.3       |       0.0        |
|      18000      |      5      |      0.35      |       0.0        |
|      18000      |      5      |      0.4       |       0.0        |
|      18000      |      5      |      0.45      |       0.0        |
|      18000      |      5      |      0.5       |       0.0        |
|      18000      |      5      |      0.55      |       0.0        |
|      18000      |      5      |      0.6       |       0.0        |
|      18000      |      5      |      0.65      |       0.0        |
|      18000      |      5      |      0.7       |       0.0        |
|      18000      |      5      |      0.75      |       0.0        |
|      18000      |      5      |      0.8       |       0.0        |
|      18000      |      5      |      0.85      |       0.0        |
|      18000      |      5      |      0.9       |       0.0        |
|      18000      |      5      |      0.95      |       0.0        |
|      18000      |      6      |      0.05      |      0.2406      |
|      18000      |      6      |      0.1       |      0.0038      |
|      18000      |      6      |      0.15      |      0.0001      |
|      18000      |      6      |      0.2       |       0.0        |
|      18000      |      6      |      0.25      |       0.0        |
|      18000      |      6      |      0.3       |       0.0        |
|      18000      |      6      |      0.35      |       0.0        |
|      18000      |      6      |      0.4       |       0.0        |
|      18000      |      6      |      0.45      |       0.0        |
|      18000      |      6      |      0.5       |       0.0        |
|      18000      |      6      |      0.55      |       0.0        |
|      18000      |      6      |      0.6       |       0.0        |
|      18000      |      6      |      0.65      |       0.0        |
|      18000      |      6      |      0.7       |       0.0        |
|      18000      |      6      |      0.75      |       0.0        |
|      18000      |      6      |      0.8       |       0.0        |
|      18000      |      6      |      0.85      |       0.0        |
|      18000      |      6      |      0.9       |       0.0        |
|      18000      |      6      |      0.95      |       0.0        |
|      18000      |      7      |      0.05      |      0.0427      |
|      18000      |      7      |      0.1       |      0.0011      |
|      18000      |      7      |      0.15      |       0.0        |
|      18000      |      7      |      0.2       |       0.0        |
|      18000      |      7      |      0.25      |       0.0        |
|      18000      |      7      |      0.3       |       0.0        |
|      18000      |      7      |      0.35      |       0.0        |
|      18000      |      7      |      0.4       |       0.0        |
|      18000      |      7      |      0.45      |       0.0        |
|      18000      |      7      |      0.5       |       0.0        |
|      18000      |      7      |      0.55      |       0.0        |
|      18000      |      7      |      0.6       |       0.0        |
|      18000      |      7      |      0.65      |       0.0        |
|      18000      |      7      |      0.7       |       0.0        |
|      18000      |      7      |      0.75      |       0.0        |
|      18000      |      7      |      0.8       |       0.0        |
|      18000      |      7      |      0.85      |       0.0        |
|      18000      |      7      |      0.9       |       nan        |
|      18000      |      7      |      0.95      |       nan        |
|      18000      |      8      |      0.05      |      0.1892      |
|      18000      |      8      |      0.1       |      0.0021      |
|      18000      |      8      |      0.15      |       0.0        |
|      18000      |      8      |      0.2       |       0.0        |
|      18000      |      8      |      0.25      |       0.0        |
|      18000      |      8      |      0.3       |       0.0        |
|      18000      |      8      |      0.35      |       0.0        |
|      18000      |      8      |      0.4       |       0.0        |
|      18000      |      8      |      0.45      |       0.0        |
|      18000      |      8      |      0.5       |       0.0        |
|      18000      |      8      |      0.55      |       0.0        |
|      18000      |      8      |      0.6       |       0.0        |
|      18000      |      8      |      0.65      |       0.0        |
|      18000      |      8      |      0.7       |       0.0        |
|      18000      |      8      |      0.75      |       0.0        |
|      18000      |      8      |      0.8       |       0.0        |
|      18000      |      8      |      0.85      |       nan        |
|      18000      |      8      |      0.9       |       nan        |
|      18000      |      8      |      0.95      |       nan        |
|      16000      |      2      |      0.05      |      3.1102      |
|      16000      |      2      |      0.1       |      2.6768      |
|      16000      |      2      |      0.15      |      2.2508      |
|      16000      |      2      |      0.2       |      1.9602      |
|      16000      |      2      |      0.25      |      1.7347      |
|      16000      |      2      |      0.3       |      1.411       |
|      16000      |      2      |      0.35      |      1.1505      |
|      16000      |      2      |      0.4       |      1.0441      |
|      16000      |      2      |      0.45      |      1.0875      |
|      16000      |      2      |      0.5       |      0.9355      |
|      16000      |      2      |      0.55      |      0.796       |
|      16000      |      2      |      0.6       |      0.7737      |
|      16000      |      2      |      0.65      |      0.9036      |
|      16000      |      2      |      0.7       |      0.8073      |
|      16000      |      2      |      0.75      |      0.7076      |
|      16000      |      2      |      0.8       |      0.8065      |
|      16000      |      2      |      0.85      |      0.7922      |
|      16000      |      2      |      0.9       |      0.5565      |
|      16000      |      2      |      0.95      |      0.6032      |
|      16000      |      3      |      0.05      |      2.3582      |
|      16000      |      3      |      0.1       |      1.5048      |
|      16000      |      3      |      0.15      |      0.463       |
|      16000      |      3      |      0.2       |      0.1462      |
|      16000      |      3      |      0.25      |      0.1116      |
|      16000      |      3      |      0.3       |      0.0551      |
|      16000      |      3      |      0.35      |      0.0449      |
|      16000      |      3      |      0.4       |      0.0199      |
|      16000      |      3      |      0.45      |      0.0128      |
|      16000      |      3      |      0.5       |      0.0116      |
|      16000      |      3      |      0.55      |      0.0069      |
|      16000      |      3      |      0.6       |      0.0065      |
|      16000      |      3      |      0.65      |      0.0051      |
|      16000      |      3      |      0.7       |      0.0051      |
|      16000      |      3      |      0.75      |      0.0053      |
|      16000      |      3      |      0.8       |      0.0037      |
|      16000      |      3      |      0.85      |      0.0027      |
|      16000      |      3      |      0.9       |      0.0025      |
|      16000      |      3      |      0.95      |      0.0016      |
|      16000      |      4      |      0.05      |      1.4444      |
|      16000      |      4      |      0.1       |      0.1908      |
|      16000      |      4      |      0.15      |      0.0275      |
|      16000      |      4      |      0.2       |      0.0057      |
|      16000      |      4      |      0.25      |      0.0016      |
|      16000      |      4      |      0.3       |      0.0006      |
|      16000      |      4      |      0.35      |      0.0001      |
|      16000      |      4      |      0.4       |      0.0001      |
|      16000      |      4      |      0.45      |       0.0        |
|      16000      |      4      |      0.5       |       0.0        |
|      16000      |      4      |      0.55      |       0.0        |
|      16000      |      4      |      0.6       |       0.0        |
|      16000      |      4      |      0.65      |       0.0        |
|      16000      |      4      |      0.7       |       0.0        |
|      16000      |      4      |      0.75      |       0.0        |
|      16000      |      4      |      0.8       |       0.0        |
|      16000      |      4      |      0.85      |       0.0        |
|      16000      |      4      |      0.9       |       0.0        |
|      16000      |      4      |      0.95      |       0.0        |
|      16000      |      5      |      0.05      |      0.8902      |
|      16000      |      5      |      0.1       |      0.0474      |
|      16000      |      5      |      0.15      |      0.0011      |
|      16000      |      5      |      0.2       |      0.0002      |
|      16000      |      5      |      0.25      |       0.0        |
|      16000      |      5      |      0.3       |       0.0        |
|      16000      |      5      |      0.35      |       0.0        |
|      16000      |      5      |      0.4       |       0.0        |
|      16000      |      5      |      0.45      |       0.0        |
|      16000      |      5      |      0.5       |       0.0        |
|      16000      |      5      |      0.55      |       0.0        |
|      16000      |      5      |      0.6       |       0.0        |
|      16000      |      5      |      0.65      |       0.0        |
|      16000      |      5      |      0.7       |       0.0        |
|      16000      |      5      |      0.75      |       0.0        |
|      16000      |      5      |      0.8       |       0.0        |
|      16000      |      5      |      0.85      |       0.0        |
|      16000      |      5      |      0.9       |       0.0        |
|      16000      |      5      |      0.95      |       0.0        |
|      16000      |      6      |      0.05      |      0.2994      |
|      16000      |      6      |      0.1       |      0.0125      |
|      16000      |      6      |      0.15      |      0.0004      |
|      16000      |      6      |      0.2       |       0.0        |
|      16000      |      6      |      0.25      |       0.0        |
|      16000      |      6      |      0.3       |       0.0        |
|      16000      |      6      |      0.35      |       0.0        |
|      16000      |      6      |      0.4       |       0.0        |
|      16000      |      6      |      0.45      |       0.0        |
|      16000      |      6      |      0.5       |       0.0        |
|      16000      |      6      |      0.55      |       0.0        |
|      16000      |      6      |      0.6       |       0.0        |
|      16000      |      6      |      0.65      |       0.0        |
|      16000      |      6      |      0.7       |       0.0        |
|      16000      |      6      |      0.75      |       0.0        |
|      16000      |      6      |      0.8       |       0.0        |
|      16000      |      6      |      0.85      |       0.0        |
|      16000      |      6      |      0.9       |       0.0        |
|      16000      |      6      |      0.95      |       0.0        |
|      16000      |      7      |      0.05      |      0.2011      |
|      16000      |      7      |      0.1       |      0.0055      |
|      16000      |      7      |      0.15      |      0.0002      |
|      16000      |      7      |      0.2       |       0.0        |
|      16000      |      7      |      0.25      |       0.0        |
|      16000      |      7      |      0.3       |       0.0        |
|      16000      |      7      |      0.35      |       0.0        |
|      16000      |      7      |      0.4       |       0.0        |
|      16000      |      7      |      0.45      |       0.0        |
|      16000      |      7      |      0.5       |       0.0        |
|      16000      |      7      |      0.55      |       0.0        |
|      16000      |      7      |      0.6       |       0.0        |
|      16000      |      7      |      0.65      |       0.0        |
|      16000      |      7      |      0.7       |       0.0        |
|      16000      |      7      |      0.75      |       0.0        |
|      16000      |      7      |      0.8       |       0.0        |
|      16000      |      7      |      0.85      |       0.0        |
|      16000      |      7      |      0.9       |       nan        |
|      16000      |      7      |      0.95      |       nan        |
|      16000      |      8      |      0.05      |      0.1275      |
|      16000      |      8      |      0.1       |      0.0061      |
|      16000      |      8      |      0.15      |      0.0001      |
|      16000      |      8      |      0.2       |       0.0        |
|      16000      |      8      |      0.25      |       0.0        |
|      16000      |      8      |      0.3       |       0.0        |
|      16000      |      8      |      0.35      |       0.0        |
|      16000      |      8      |      0.4       |       0.0        |
|      16000      |      8      |      0.45      |       0.0        |
|      16000      |      8      |      0.5       |       0.0        |
|      16000      |      8      |      0.55      |       0.0        |
|      16000      |      8      |      0.6       |       0.0        |
|      16000      |      8      |      0.65      |       0.0        |
|      16000      |      8      |      0.7       |       0.0        |
|      16000      |      8      |      0.75      |       0.0        |
|      16000      |      8      |      0.8       |       0.0        |
|      16000      |      8      |      0.85      |       nan        |
|      16000      |      8      |      0.9       |       nan        |
|      16000      |      8      |      0.95      |       nan        |
|      14000      |      2      |      0.05      |      3.1028      |
|      14000      |      2      |      0.1       |      2.7127      |
|      14000      |      2      |      0.15      |      2.4926      |
|      14000      |      2      |      0.2       |      2.0448      |
|      14000      |      2      |      0.25      |      1.8625      |
|      14000      |      2      |      0.3       |      1.6652      |
|      14000      |      2      |      0.35      |      1.4661      |
|      14000      |      2      |      0.4       |      1.302       |
|      14000      |      2      |      0.45      |      1.1432      |
|      14000      |      2      |      0.5       |      1.0995      |
|      14000      |      2      |      0.55      |      1.0277      |
|      14000      |      2      |      0.6       |      1.1187      |
|      14000      |      2      |      0.65      |      1.1261      |
|      14000      |      2      |      0.7       |      1.0188      |
|      14000      |      2      |      0.75      |      0.9529      |
|      14000      |      2      |      0.8       |      0.8674      |
|      14000      |      2      |      0.85      |      0.8698      |
|      14000      |      2      |      0.9       |      0.6879      |
|      14000      |      2      |      0.95      |      0.7815      |
|      14000      |      3      |      0.05      |      2.8205      |
|      14000      |      3      |      0.1       |      1.4445      |
|      14000      |      3      |      0.15      |      0.789       |
|      14000      |      3      |      0.2       |      0.4249      |
|      14000      |      3      |      0.25      |      0.1599      |
|      14000      |      3      |      0.3       |      0.1366      |
|      14000      |      3      |      0.35      |      0.0485      |
|      14000      |      3      |      0.4       |      0.0551      |
|      14000      |      3      |      0.45      |      0.0454      |
|      14000      |      3      |      0.5       |      0.0272      |
|      14000      |      3      |      0.55      |      0.012       |
|      14000      |      3      |      0.6       |      0.0181      |
|      14000      |      3      |      0.65      |      0.0156      |
|      14000      |      3      |      0.7       |      0.0089      |
|      14000      |      3      |      0.75      |      0.0097      |
|      14000      |      3      |      0.8       |      0.0102      |
|      14000      |      3      |      0.85      |      0.0081      |
|      14000      |      3      |      0.9       |       0.01       |
|      14000      |      3      |      0.95      |      0.0075      |
|      14000      |      4      |      0.05      |      1.6059      |
|      14000      |      4      |      0.1       |      0.3413      |
|      14000      |      4      |      0.15      |      0.0634      |
|      14000      |      4      |      0.2       |      0.0133      |
|      14000      |      4      |      0.25      |      0.0058      |
|      14000      |      4      |      0.3       |      0.0015      |
|      14000      |      4      |      0.35      |      0.0009      |
|      14000      |      4      |      0.4       |      0.0004      |
|      14000      |      4      |      0.45      |      0.0002      |
|      14000      |      4      |      0.5       |      0.0001      |
|      14000      |      4      |      0.55      |      0.0001      |
|      14000      |      4      |      0.6       |      0.0001      |
|      14000      |      4      |      0.65      |      0.0001      |
|      14000      |      4      |      0.7       |       0.0        |
|      14000      |      4      |      0.75      |       0.0        |
|      14000      |      4      |      0.8       |       0.0        |
|      14000      |      4      |      0.85      |       0.0        |
|      14000      |      4      |      0.9       |       0.0        |
|      14000      |      4      |      0.95      |       0.0        |
|      14000      |      5      |      0.05      |      1.0407      |
|      14000      |      5      |      0.1       |      0.0842      |
|      14000      |      5      |      0.15      |      0.0071      |
|      14000      |      5      |      0.2       |      0.001       |
|      14000      |      5      |      0.25      |      0.0001      |
|      14000      |      5      |      0.3       |       0.0        |
|      14000      |      5      |      0.35      |       0.0        |
|      14000      |      5      |      0.4       |       0.0        |
|      14000      |      5      |      0.45      |       0.0        |
|      14000      |      5      |      0.5       |       0.0        |
|      14000      |      5      |      0.55      |       0.0        |
|      14000      |      5      |      0.6       |       0.0        |
|      14000      |      5      |      0.65      |       0.0        |
|      14000      |      5      |      0.7       |       0.0        |
|      14000      |      5      |      0.75      |       0.0        |
|      14000      |      5      |      0.8       |       0.0        |
|      14000      |      5      |      0.85      |       0.0        |
|      14000      |      5      |      0.9       |       0.0        |
|      14000      |      5      |      0.95      |       0.0        |
|      14000      |      6      |      0.05      |      0.7542      |
|      14000      |      6      |      0.1       |      0.0201      |
|      14000      |      6      |      0.15      |      0.0018      |
|      14000      |      6      |      0.2       |      0.0001      |
|      14000      |      6      |      0.25      |       0.0        |
|      14000      |      6      |      0.3       |       0.0        |
|      14000      |      6      |      0.35      |       0.0        |
|      14000      |      6      |      0.4       |       0.0        |
|      14000      |      6      |      0.45      |       0.0        |
|      14000      |      6      |      0.5       |       0.0        |
|      14000      |      6      |      0.55      |       0.0        |
|      14000      |      6      |      0.6       |       0.0        |
|      14000      |      6      |      0.65      |       0.0        |
|      14000      |      6      |      0.7       |       0.0        |
|      14000      |      6      |      0.75      |       0.0        |
|      14000      |      6      |      0.8       |       0.0        |
|      14000      |      6      |      0.85      |       0.0        |
|      14000      |      6      |      0.9       |       0.0        |
|      14000      |      6      |      0.95      |       0.0        |
|      14000      |      7      |      0.05      |      0.4164      |
|      14000      |      7      |      0.1       |      0.0067      |
|      14000      |      7      |      0.15      |      0.0005      |
|      14000      |      7      |      0.2       |       0.0        |
|      14000      |      7      |      0.25      |       0.0        |
|      14000      |      7      |      0.3       |       0.0        |
|      14000      |      7      |      0.35      |       0.0        |
|      14000      |      7      |      0.4       |       0.0        |
|      14000      |      7      |      0.45      |       0.0        |
|      14000      |      7      |      0.5       |       0.0        |
|      14000      |      7      |      0.55      |       0.0        |
|      14000      |      7      |      0.6       |       0.0        |
|      14000      |      7      |      0.65      |       0.0        |
|      14000      |      7      |      0.7       |       0.0        |
|      14000      |      7      |      0.75      |       0.0        |
|      14000      |      7      |      0.8       |       0.0        |
|      14000      |      7      |      0.85      |       0.0        |
|      14000      |      7      |      0.9       |       nan        |
|      14000      |      7      |      0.95      |       nan        |
|      14000      |      8      |      0.05      |      0.5779      |
|      14000      |      8      |      0.1       |      0.0189      |
|      14000      |      8      |      0.15      |      0.0009      |
|      14000      |      8      |      0.2       |      0.0001      |
|      14000      |      8      |      0.25      |       0.0        |
|      14000      |      8      |      0.3       |       0.0        |
|      14000      |      8      |      0.35      |       0.0        |
|      14000      |      8      |      0.4       |       0.0        |
|      14000      |      8      |      0.45      |       0.0        |
|      14000      |      8      |      0.5       |       0.0        |
|      14000      |      8      |      0.55      |       0.0        |
|      14000      |      8      |      0.6       |       0.0        |
|      14000      |      8      |      0.65      |       0.0        |
|      14000      |      8      |      0.7       |       0.0        |
|      14000      |      8      |      0.75      |       0.0        |
|      14000      |      8      |      0.8       |       0.0        |
|      14000      |      8      |      0.85      |       nan        |
|      14000      |      8      |      0.9       |       nan        |
|      14000      |      8      |      0.95      |       nan        |
|      12000      |      2      |      0.05      |      3.1815      |
|      12000      |      2      |      0.1       |      2.8543      |
|      12000      |      2      |      0.15      |      2.3004      |
|      12000      |      2      |      0.2       |      2.0665      |
|      12000      |      2      |      0.25      |      2.0785      |
|      12000      |      2      |      0.3       |      1.656       |
|      12000      |      2      |      0.35      |      1.4834      |
|      12000      |      2      |      0.4       |      1.6153      |
|      12000      |      2      |      0.45      |      1.4715      |
|      12000      |      2      |      0.5       |      1.4063      |
|      12000      |      2      |      0.55      |      1.1733      |
|      12000      |      2      |      0.6       |      1.3302      |
|      12000      |      2      |      0.65      |      1.2931      |
|      12000      |      2      |      0.7       |      1.2067      |
|      12000      |      2      |      0.75      |      1.1382      |
|      12000      |      2      |      0.8       |      1.2111      |
|      12000      |      2      |      0.85      |      1.1064      |
|      12000      |      2      |      0.9       |      0.985       |
|      12000      |      2      |      0.95      |      1.1181      |
|      12000      |      3      |      0.05      |      2.7158      |
|      12000      |      3      |      0.1       |      1.9252      |
|      12000      |      3      |      0.15      |      1.2079      |
|      12000      |      3      |      0.2       |      0.4308      |
|      12000      |      3      |      0.25      |      0.3362      |
|      12000      |      3      |      0.3       |      0.1738      |
|      12000      |      3      |      0.35      |      0.1853      |
|      12000      |      3      |      0.4       |      0.1098      |
|      12000      |      3      |      0.45      |      0.0781      |
|      12000      |      3      |      0.5       |      0.0474      |
|      12000      |      3      |      0.55      |      0.0582      |
|      12000      |      3      |      0.6       |      0.0399      |
|      12000      |      3      |      0.65      |      0.0442      |
|      12000      |      3      |      0.7       |      0.0318      |
|      12000      |      3      |      0.75      |      0.0373      |
|      12000      |      3      |      0.8       |      0.0245      |
|      12000      |      3      |      0.85      |      0.0246      |
|      12000      |      3      |      0.9       |      0.0198      |
|      12000      |      3      |      0.95      |      0.0259      |
|      12000      |      4      |      0.05      |      1.8182      |
|      12000      |      4      |      0.1       |      0.324       |
|      12000      |      4      |      0.15      |      0.1105      |
|      12000      |      4      |      0.2       |      0.0225      |
|      12000      |      4      |      0.25      |      0.0152      |
|      12000      |      4      |      0.3       |      0.0052      |
|      12000      |      4      |      0.35      |      0.0029      |
|      12000      |      4      |      0.4       |      0.0021      |
|      12000      |      4      |      0.45      |      0.0022      |
|      12000      |      4      |      0.5       |      0.0011      |
|      12000      |      4      |      0.55      |      0.0006      |
|      12000      |      4      |      0.6       |      0.0003      |
|      12000      |      4      |      0.65      |      0.0002      |
|      12000      |      4      |      0.7       |      0.0003      |
|      12000      |      4      |      0.75      |      0.0003      |
|      12000      |      4      |      0.8       |      0.0003      |
|      12000      |      4      |      0.85      |      0.0002      |
|      12000      |      4      |      0.9       |      0.0001      |
|      12000      |      4      |      0.95      |      0.0001      |
|      12000      |      5      |      0.05      |      0.6381      |
|      12000      |      5      |      0.1       |      0.1879      |
|      12000      |      5      |      0.15      |      0.0225      |
|      12000      |      5      |      0.2       |      0.0012      |
|      12000      |      5      |      0.25      |      0.0003      |
|      12000      |      5      |      0.3       |      0.0003      |
|      12000      |      5      |      0.35      |      0.0001      |
|      12000      |      5      |      0.4       |       0.0        |
|      12000      |      5      |      0.45      |       0.0        |
|      12000      |      5      |      0.5       |       0.0        |
|      12000      |      5      |      0.55      |       0.0        |
|      12000      |      5      |      0.6       |       0.0        |
|      12000      |      5      |      0.65      |       0.0        |
|      12000      |      5      |      0.7       |       0.0        |
|      12000      |      5      |      0.75      |       0.0        |
|      12000      |      5      |      0.8       |       0.0        |
|      12000      |      5      |      0.85      |       0.0        |
|      12000      |      5      |      0.9       |       0.0        |
|      12000      |      5      |      0.95      |       0.0        |
|      12000      |      6      |      0.05      |      0.6156      |
|      12000      |      6      |      0.1       |      0.075       |
|      12000      |      6      |      0.15      |      0.0024      |
|      12000      |      6      |      0.2       |      0.0005      |
|      12000      |      6      |      0.25      |      0.0001      |
|      12000      |      6      |      0.3       |       0.0        |
|      12000      |      6      |      0.35      |       0.0        |
|      12000      |      6      |      0.4       |       0.0        |
|      12000      |      6      |      0.45      |       0.0        |
|      12000      |      6      |      0.5       |       0.0        |
|      12000      |      6      |      0.55      |       0.0        |
|      12000      |      6      |      0.6       |       0.0        |
|      12000      |      6      |      0.65      |       0.0        |
|      12000      |      6      |      0.7       |       0.0        |
|      12000      |      6      |      0.75      |       0.0        |
|      12000      |      6      |      0.8       |       0.0        |
|      12000      |      6      |      0.85      |       0.0        |
|      12000      |      6      |      0.9       |       0.0        |
|      12000      |      6      |      0.95      |       0.0        |
|      12000      |      7      |      0.05      |      0.5901      |
|      12000      |      7      |      0.1       |      0.0412      |
|      12000      |      7      |      0.15      |      0.0014      |
|      12000      |      7      |      0.2       |      0.0004      |
|      12000      |      7      |      0.25      |       0.0        |
|      12000      |      7      |      0.3       |       0.0        |
|      12000      |      7      |      0.35      |       0.0        |
|      12000      |      7      |      0.4       |       0.0        |
|      12000      |      7      |      0.45      |       0.0        |
|      12000      |      7      |      0.5       |       0.0        |
|      12000      |      7      |      0.55      |       0.0        |
|      12000      |      7      |      0.6       |       0.0        |
|      12000      |      7      |      0.65      |       0.0        |
|      12000      |      7      |      0.7       |       0.0        |
|      12000      |      7      |      0.75      |       0.0        |
|      12000      |      7      |      0.8       |       0.0        |
|      12000      |      7      |      0.85      |      0.0001      |
|      12000      |      7      |      0.9       |       nan        |
|      12000      |      7      |      0.95      |       nan        |
|      12000      |      8      |      0.05      |      0.9401      |
|      12000      |      8      |      0.1       |      0.0245      |
|      12000      |      8      |      0.15      |      0.0038      |
|      12000      |      8      |      0.2       |      0.0003      |
|      12000      |      8      |      0.25      |      0.0001      |
|      12000      |      8      |      0.3       |       0.0        |
|      12000      |      8      |      0.35      |       0.0        |
|      12000      |      8      |      0.4       |       0.0        |
|      12000      |      8      |      0.45      |       0.0        |
|      12000      |      8      |      0.5       |       0.0        |
|      12000      |      8      |      0.55      |       0.0        |
|      12000      |      8      |      0.6       |       0.0        |
|      12000      |      8      |      0.65      |       0.0        |
|      12000      |      8      |      0.7       |       0.0        |
|      12000      |      8      |      0.75      |       0.0        |
|      12000      |      8      |      0.8       |       0.0        |
|      12000      |      8      |      0.85      |       nan        |
|      12000      |      8      |      0.9       |       nan        |
|      12000      |      8      |      0.95      |       nan        |
|      10000      |      2      |      0.05      |      3.0966      |
|      10000      |      2      |      0.1       |      2.8963      |
|      10000      |      2      |      0.15      |      2.5343      |
|      10000      |      2      |      0.2       |      2.2143      |
|      10000      |      2      |      0.25      |      2.1752      |
|      10000      |      2      |      0.3       |      1.8351      |
|      10000      |      2      |      0.35      |      1.7541      |
|      10000      |      2      |      0.4       |      1.6354      |
|      10000      |      2      |      0.45      |      1.6035      |
|      10000      |      2      |      0.5       |      1.5116      |
|      10000      |      2      |      0.55      |      1.6112      |
|      10000      |      2      |      0.6       |      1.4717      |
|      10000      |      2      |      0.65      |      1.4594      |
|      10000      |      2      |      0.7       |      1.3215      |
|      10000      |      2      |      0.75      |      1.3701      |
|      10000      |      2      |      0.8       |      1.3444      |
|      10000      |      2      |      0.85      |      1.4568      |
|      10000      |      2      |      0.9       |      1.4441      |
|      10000      |      2      |      0.95      |      1.2587      |
|      10000      |      3      |      0.05      |      2.872       |
|      10000      |      3      |      0.1       |      1.8477      |
|      10000      |      3      |      0.15      |      1.4763      |
|      10000      |      3      |      0.2       |      1.1022      |
|      10000      |      3      |      0.25      |      0.5468      |
|      10000      |      3      |      0.3       |      0.3114      |
|      10000      |      3      |      0.35      |      0.2482      |
|      10000      |      3      |      0.4       |      0.1815      |
|      10000      |      3      |      0.45      |      0.1497      |
|      10000      |      3      |      0.5       |      0.1188      |
|      10000      |      3      |      0.55      |      0.1583      |
|      10000      |      3      |      0.6       |      0.1082      |
|      10000      |      3      |      0.65      |      0.088       |
|      10000      |      3      |      0.7       |      0.0956      |
|      10000      |      3      |      0.75      |      0.1121      |
|      10000      |      3      |      0.8       |      0.0837      |
|      10000      |      3      |      0.85      |      0.0916      |
|      10000      |      3      |      0.9       |      0.0837      |
|      10000      |      3      |      0.95      |      0.0572      |
|      10000      |      4      |      0.05      |      2.5321      |
|      10000      |      4      |      0.1       |      1.0997      |
|      10000      |      4      |      0.15      |      0.2234      |
|      10000      |      4      |      0.2       |      0.1313      |
|      10000      |      4      |      0.25      |      0.0614      |
|      10000      |      4      |      0.3       |      0.033       |
|      10000      |      4      |      0.35      |      0.0112      |
|      10000      |      4      |      0.4       |      0.0115      |
|      10000      |      4      |      0.45      |      0.0051      |
|      10000      |      4      |      0.5       |      0.0031      |
|      10000      |      4      |      0.55      |      0.0031      |
|      10000      |      4      |      0.6       |      0.0019      |
|      10000      |      4      |      0.65      |      0.0012      |
|      10000      |      4      |      0.7       |      0.0023      |
|      10000      |      4      |      0.75      |      0.0012      |
|      10000      |      4      |      0.8       |      0.0007      |
|      10000      |      4      |      0.85      |      0.0017      |
|      10000      |      4      |      0.9       |      0.0005      |
|      10000      |      4      |      0.95      |      0.0007      |
|      10000      |      5      |      0.05      |      0.8631      |
|      10000      |      5      |      0.1       |      0.2292      |
|      10000      |      5      |      0.15      |      0.0627      |
|      10000      |      5      |      0.2       |      0.0108      |
|      10000      |      5      |      0.25      |      0.0065      |
|      10000      |      5      |      0.3       |      0.0011      |
|      10000      |      5      |      0.35      |      0.0015      |
|      10000      |      5      |      0.4       |      0.0005      |
|      10000      |      5      |      0.45      |      0.0002      |
|      10000      |      5      |      0.5       |      0.0002      |
|      10000      |      5      |      0.55      |      0.0001      |
|      10000      |      5      |      0.6       |      0.0001      |
|      10000      |      5      |      0.65      |      0.0001      |
|      10000      |      5      |      0.7       |       0.0        |
|      10000      |      5      |      0.75      |      0.0001      |
|      10000      |      5      |      0.8       |       0.0        |
|      10000      |      5      |      0.85      |       0.0        |
|      10000      |      5      |      0.9       |       0.0        |
|      10000      |      5      |      0.95      |       0.0        |
|      10000      |      6      |      0.05      |      1.5574      |
|      10000      |      6      |      0.1       |      0.0734      |
|      10000      |      6      |      0.15      |      0.0088      |
|      10000      |      6      |      0.2       |      0.0041      |
|      10000      |      6      |      0.25      |      0.0003      |
|      10000      |      6      |      0.3       |      0.0002      |
|      10000      |      6      |      0.35      |      0.0001      |
|      10000      |      6      |      0.4       |      0.0001      |
|      10000      |      6      |      0.45      |       0.0        |
|      10000      |      6      |      0.5       |       0.0        |
|      10000      |      6      |      0.55      |       0.0        |
|      10000      |      6      |      0.6       |       0.0        |
|      10000      |      6      |      0.65      |       0.0        |
|      10000      |      6      |      0.7       |       0.0        |
|      10000      |      6      |      0.75      |       0.0        |
|      10000      |      6      |      0.8       |       0.0        |
|      10000      |      6      |      0.85      |       0.0        |
|      10000      |      6      |      0.9       |       0.0        |
|      10000      |      6      |      0.95      |       0.0        |
|      10000      |      7      |      0.05      |      0.9385      |
|      10000      |      7      |      0.1       |      0.1213      |
|      10000      |      7      |      0.15      |      0.0095      |
|      10000      |      7      |      0.2       |      0.0008      |
|      10000      |      7      |      0.25      |      0.0004      |
|      10000      |      7      |      0.3       |      0.0001      |
|      10000      |      7      |      0.35      |       0.0        |
|      10000      |      7      |      0.4       |       0.0        |
|      10000      |      7      |      0.45      |       0.0        |
|      10000      |      7      |      0.5       |       0.0        |
|      10000      |      7      |      0.55      |       0.0        |
|      10000      |      7      |      0.6       |       0.0        |
|      10000      |      7      |      0.65      |       0.0        |
|      10000      |      7      |      0.7       |       0.0        |
|      10000      |      7      |      0.75      |       0.0        |
|      10000      |      7      |      0.8       |       0.0        |
|      10000      |      7      |      0.85      |      0.0012      |
|      10000      |      7      |      0.9       |       nan        |
|      10000      |      7      |      0.95      |       nan        |
|      10000      |      8      |      0.05      |      1.1742      |
|      10000      |      8      |      0.1       |      0.1812      |
|      10000      |      8      |      0.15      |      0.0091      |
|      10000      |      8      |      0.2       |      0.003       |
|      10000      |      8      |      0.25      |      0.0011      |
|      10000      |      8      |      0.3       |      0.0003      |
|      10000      |      8      |      0.35      |      0.0001      |
|      10000      |      8      |      0.4       |       0.0        |
|      10000      |      8      |      0.45      |       0.0        |
|      10000      |      8      |      0.5       |       0.0        |
|      10000      |      8      |      0.55      |       0.0        |
|      10000      |      8      |      0.6       |       0.0        |
|      10000      |      8      |      0.65      |       0.0        |
|      10000      |      8      |      0.7       |       0.0        |
|      10000      |      8      |      0.75      |       0.0        |
|      10000      |      8      |      0.8       |       0.0        |
|      10000      |      8      |      0.85      |       nan        |
|      10000      |      8      |      0.9       |       nan        |
|      10000      |      8      |      0.95      |       nan        |
|       8000      |      2      |      0.05      |      3.2434      |
|       8000      |      2      |      0.1       |      2.9163      |
|       8000      |      2      |      0.15      |      2.6282      |
|       8000      |      2      |      0.2       |      2.4333      |
|       8000      |      2      |      0.25      |      2.2926      |
|       8000      |      2      |      0.3       |      2.1128      |
|       8000      |      2      |      0.35      |      2.0829      |
|       8000      |      2      |      0.4       |      1.928       |
|       8000      |      2      |      0.45      |      1.7634      |
|       8000      |      2      |      0.5       |      1.791       |
|       8000      |      2      |      0.55      |      1.7719      |
|       8000      |      2      |      0.6       |      1.7088      |
|       8000      |      2      |      0.65      |      1.5326      |
|       8000      |      2      |      0.7       |      1.5185      |
|       8000      |      2      |      0.75      |      1.5557      |
|       8000      |      2      |      0.8       |      1.4567      |
|       8000      |      2      |      0.85      |      1.5819      |
|       8000      |      2      |      0.9       |      1.5493      |
|       8000      |      2      |      0.95      |      1.6516      |
|       8000      |      3      |      0.05      |      2.5888      |
|       8000      |      3      |      0.1       |      2.2745      |
|       8000      |      3      |      0.15      |      1.4429      |
|       8000      |      3      |      0.2       |      1.1716      |
|       8000      |      3      |      0.25      |      0.8607      |
|       8000      |      3      |      0.3       |      0.6032      |
|       8000      |      3      |      0.35      |      0.5988      |
|       8000      |      3      |      0.4       |      0.5128      |
|       8000      |      3      |      0.45      |      0.325       |
|       8000      |      3      |      0.5       |      0.3084      |
|       8000      |      3      |      0.55      |      0.2501      |
|       8000      |      3      |      0.6       |      0.2153      |
|       8000      |      3      |      0.65      |      0.2985      |
|       8000      |      3      |      0.7       |      0.2698      |
|       8000      |      3      |      0.75      |      0.2331      |
|       8000      |      3      |      0.8       |      0.1921      |
|       8000      |      3      |      0.85      |      0.257       |
|       8000      |      3      |      0.9       |      0.188       |
|       8000      |      3      |      0.95      |      0.1369      |
|       8000      |      4      |      0.05      |      2.5987      |
|       8000      |      4      |      0.1       |      0.934       |
|       8000      |      4      |      0.15      |      0.4395      |
|       8000      |      4      |      0.2       |      0.2546      |
|       8000      |      4      |      0.25      |      0.1381      |
|       8000      |      4      |      0.3       |      0.095       |
|       8000      |      4      |      0.35      |      0.0825      |
|       8000      |      4      |      0.4       |      0.0386      |
|       8000      |      4      |      0.45      |      0.0365      |
|       8000      |      4      |      0.5       |      0.018       |
|       8000      |      4      |      0.55      |      0.019       |
|       8000      |      4      |      0.6       |      0.0122      |
|       8000      |      4      |      0.65      |      0.0151      |
|       8000      |      4      |      0.7       |      0.0055      |
|       8000      |      4      |      0.75      |      0.0073      |
|       8000      |      4      |      0.8       |      0.0076      |
|       8000      |      4      |      0.85      |      0.0068      |
|       8000      |      4      |      0.9       |      0.0086      |
|       8000      |      4      |      0.95      |      0.0051      |
|       8000      |      5      |      0.05      |      1.7672      |
|       8000      |      5      |      0.1       |      0.6276      |
|       8000      |      5      |      0.15      |      0.0877      |
|       8000      |      5      |      0.2       |      0.0442      |
|       8000      |      5      |      0.25      |      0.016       |
|       8000      |      5      |      0.3       |      0.0127      |
|       8000      |      5      |      0.35      |      0.0061      |
|       8000      |      5      |      0.4       |      0.0024      |
|       8000      |      5      |      0.45      |      0.0029      |
|       8000      |      5      |      0.5       |      0.0017      |
|       8000      |      5      |      0.55      |      0.0009      |
|       8000      |      5      |      0.6       |      0.001       |
|       8000      |      5      |      0.65      |      0.0011      |
|       8000      |      5      |      0.7       |      0.0005      |
|       8000      |      5      |      0.75      |      0.0005      |
|       8000      |      5      |      0.8       |      0.0006      |
|       8000      |      5      |      0.85      |      0.0004      |
|       8000      |      5      |      0.9       |      0.0004      |
|       8000      |      5      |      0.95      |      0.0004      |
|       8000      |      6      |      0.05      |      1.5647      |
|       8000      |      6      |      0.1       |      0.348       |
|       8000      |      6      |      0.15      |      0.042       |
|       8000      |      6      |      0.2       |      0.0134      |
|       8000      |      6      |      0.25      |      0.008       |
|       8000      |      6      |      0.3       |      0.0021      |
|       8000      |      6      |      0.35      |      0.0005      |
|       8000      |      6      |      0.4       |      0.0006      |
|       8000      |      6      |      0.45      |      0.0004      |
|       8000      |      6      |      0.5       |      0.0003      |
|       8000      |      6      |      0.55      |      0.0002      |
|       8000      |      6      |      0.6       |      0.0001      |
|       8000      |      6      |      0.65      |      0.0002      |
|       8000      |      6      |      0.7       |      0.0001      |
|       8000      |      6      |      0.75      |      0.0001      |
|       8000      |      6      |      0.8       |      0.0001      |
|       8000      |      6      |      0.85      |       0.0        |
|       8000      |      6      |      0.9       |       0.0        |
|       8000      |      6      |      0.95      |       0.0        |
|       8000      |      7      |      0.05      |      0.9986      |
|       8000      |      7      |      0.1       |      0.1937      |
|       8000      |      7      |      0.15      |      0.0504      |
|       8000      |      7      |      0.2       |      0.0091      |
|       8000      |      7      |      0.25      |      0.0038      |
|       8000      |      7      |      0.3       |      0.0011      |
|       8000      |      7      |      0.35      |      0.0007      |
|       8000      |      7      |      0.4       |      0.0001      |
|       8000      |      7      |      0.45      |      0.0002      |
|       8000      |      7      |      0.5       |      0.0002      |
|       8000      |      7      |      0.55      |      0.0002      |
|       8000      |      7      |      0.6       |      0.0001      |
|       8000      |      7      |      0.65      |      0.0001      |
|       8000      |      7      |      0.7       |      0.0001      |
|       8000      |      7      |      0.75      |       0.0        |
|       8000      |      7      |      0.8       |      0.0001      |
|       8000      |      7      |      0.85      |      0.0042      |
|       8000      |      7      |      0.9       |       nan        |
|       8000      |      7      |      0.95      |       nan        |
|       8000      |      8      |      0.05      |      1.4272      |
|       8000      |      8      |      0.1       |      0.4982      |
|       8000      |      8      |      0.15      |      0.0484      |
|       8000      |      8      |      0.2       |      0.0046      |
|       8000      |      8      |      0.25      |      0.0062      |
|       8000      |      8      |      0.3       |      0.0024      |
|       8000      |      8      |      0.35      |      0.001       |
|       8000      |      8      |      0.4       |      0.0009      |
|       8000      |      8      |      0.45      |      0.0002      |
|       8000      |      8      |      0.5       |      0.0001      |
|       8000      |      8      |      0.55      |      0.0002      |
|       8000      |      8      |      0.6       |      0.0001      |
|       8000      |      8      |      0.65      |      0.0001      |
|       8000      |      8      |      0.7       |       0.0        |
|       8000      |      8      |      0.75      |       0.0        |
|       8000      |      8      |      0.8       |       0.0        |
|       8000      |      8      |      0.85      |       nan        |
|       8000      |      8      |      0.9       |       nan        |
|       8000      |      8      |      0.95      |       nan        |
|       6000      |      2      |      0.05      |      3.1994      |
|       6000      |      2      |      0.1       |      3.0174      |
|       6000      |      2      |      0.15      |      2.7049      |
|       6000      |      2      |      0.2       |      2.5228      |
|       6000      |      2      |      0.25      |      2.3566      |
|       6000      |      2      |      0.3       |      2.1946      |
|       6000      |      2      |      0.35      |      2.0928      |
|       6000      |      2      |      0.4       |      2.0174      |
|       6000      |      2      |      0.45      |      1.9359      |
|       6000      |      2      |      0.5       |      2.0412      |
|       6000      |      2      |      0.55      |      1.9606      |
|       6000      |      2      |      0.6       |      1.8322      |
|       6000      |      2      |      0.65      |      1.9354      |
|       6000      |      2      |      0.7       |      1.7569      |
|       6000      |      2      |      0.75      |      1.8726      |
|       6000      |      2      |      0.8       |      1.7536      |
|       6000      |      2      |      0.85      |      1.821       |
|       6000      |      2      |      0.9       |      1.8554      |
|       6000      |      2      |      0.95      |      1.7425      |
|       6000      |      3      |      0.05      |      3.1375      |
|       6000      |      3      |      0.1       |      2.6881      |
|       6000      |      3      |      0.15      |      1.9831      |
|       6000      |      3      |      0.2       |      1.8614      |
|       6000      |      3      |      0.25      |      1.1986      |
|       6000      |      3      |      0.3       |      1.0532      |
|       6000      |      3      |      0.35      |      0.9707      |
|       6000      |      3      |      0.4       |      0.8407      |
|       6000      |      3      |      0.45      |      0.808       |
|       6000      |      3      |      0.5       |      0.921       |
|       6000      |      3      |      0.55      |      0.8487      |
|       6000      |      3      |      0.6       |      0.6717      |
|       6000      |      3      |      0.65      |      0.5663      |
|       6000      |      3      |      0.7       |      0.5963      |
|       6000      |      3      |      0.75      |      0.5217      |
|       6000      |      3      |      0.8       |      0.6073      |
|       6000      |      3      |      0.85      |      0.4302      |
|       6000      |      3      |      0.9       |      0.5967      |
|       6000      |      3      |      0.95      |      0.4916      |
|       6000      |      4      |      0.05      |      2.7136      |
|       6000      |      4      |      0.1       |      1.0621      |
|       6000      |      4      |      0.15      |      0.8211      |
|       6000      |      4      |      0.2       |      0.5527      |
|       6000      |      4      |      0.25      |      0.449       |
|       6000      |      4      |      0.3       |      0.2046      |
|       6000      |      4      |      0.35      |      0.2401      |
|       6000      |      4      |      0.4       |      0.1649      |
|       6000      |      4      |      0.45      |      0.1459      |
|       6000      |      4      |      0.5       |      0.0824      |
|       6000      |      4      |      0.55      |      0.0813      |
|       6000      |      4      |      0.6       |      0.0563      |
|       6000      |      4      |      0.65      |      0.0933      |
|       6000      |      4      |      0.7       |      0.0594      |
|       6000      |      4      |      0.75      |      0.0739      |
|       6000      |      4      |      0.8       |      0.0806      |
|       6000      |      4      |      0.85      |      0.0561      |
|       6000      |      4      |      0.9       |      0.0402      |
|       6000      |      4      |      0.95      |      0.0323      |
|       6000      |      5      |      0.05      |      2.6798      |
|       6000      |      5      |      0.1       |      1.1798      |
|       6000      |      5      |      0.15      |      0.4532      |
|       6000      |      5      |      0.2       |      0.2272      |
|       6000      |      5      |      0.25      |      0.0635      |
|       6000      |      5      |      0.3       |      0.0728      |
|       6000      |      5      |      0.35      |      0.042       |
|       6000      |      5      |      0.4       |      0.0268      |
|       6000      |      5      |      0.45      |      0.0218      |
|       6000      |      5      |      0.5       |      0.0191      |
|       6000      |      5      |      0.55      |      0.0057      |
|       6000      |      5      |      0.6       |      0.0088      |
|       6000      |      5      |      0.65      |      0.0116      |
|       6000      |      5      |      0.7       |      0.0077      |
|       6000      |      5      |      0.75      |      0.0059      |
|       6000      |      5      |      0.8       |      0.006       |
|       6000      |      5      |      0.85      |      0.0041      |
|       6000      |      5      |      0.9       |      0.0059      |
|       6000      |      5      |      0.95      |      0.0064      |
|       6000      |      6      |      0.05      |      1.5778      |
|       6000      |      6      |      0.1       |      0.6629      |
|       6000      |      6      |      0.15      |      0.2143      |
|       6000      |      6      |      0.2       |      0.1394      |
|       6000      |      6      |      0.25      |      0.0327      |
|       6000      |      6      |      0.3       |      0.0162      |
|       6000      |      6      |      0.35      |      0.015       |
|       6000      |      6      |      0.4       |      0.0115      |
|       6000      |      6      |      0.45      |      0.0045      |
|       6000      |      6      |      0.5       |      0.004       |
|       6000      |      6      |      0.55      |      0.002       |
|       6000      |      6      |      0.6       |      0.0021      |
|       6000      |      6      |      0.65      |      0.0022      |
|       6000      |      6      |      0.7       |      0.0021      |
|       6000      |      6      |      0.75      |      0.0023      |
|       6000      |      6      |      0.8       |      0.0019      |
|       6000      |      6      |      0.85      |      0.0007      |
|       6000      |      6      |      0.9       |      0.0001      |
|       6000      |      6      |      0.95      |       0.0        |
|       6000      |      7      |      0.05      |      1.6698      |
|       6000      |      7      |      0.1       |      0.3565      |
|       6000      |      7      |      0.15      |      0.1776      |
|       6000      |      7      |      0.2       |      0.045       |
|       6000      |      7      |      0.25      |      0.0337      |
|       6000      |      7      |      0.3       |      0.0139      |
|       6000      |      7      |      0.35      |      0.0107      |
|       6000      |      7      |      0.4       |      0.0037      |
|       6000      |      7      |      0.45      |      0.0049      |
|       6000      |      7      |      0.5       |      0.0017      |
|       6000      |      7      |      0.55      |      0.0024      |
|       6000      |      7      |      0.6       |      0.0014      |
|       6000      |      7      |      0.65      |      0.0013      |
|       6000      |      7      |      0.7       |      0.0016      |
|       6000      |      7      |      0.75      |      0.0008      |
|       6000      |      7      |      0.8       |      0.0006      |
|       6000      |      7      |      0.85      |      0.0196      |
|       6000      |      7      |      0.9       |       nan        |
|       6000      |      7      |      0.95      |       nan        |
|       6000      |      8      |      0.05      |      2.2274      |
|       6000      |      8      |      0.1       |      0.5012      |
|       6000      |      8      |      0.15      |      0.1633      |
|       6000      |      8      |      0.2       |      0.0617      |
|       6000      |      8      |      0.25      |      0.0216      |
|       6000      |      8      |      0.3       |      0.0246      |
|       6000      |      8      |      0.35      |      0.0105      |
|       6000      |      8      |      0.4       |      0.0057      |
|       6000      |      8      |      0.45      |      0.0044      |
|       6000      |      8      |      0.5       |      0.0026      |
|       6000      |      8      |      0.55      |      0.002       |
|       6000      |      8      |      0.6       |      0.0018      |
|       6000      |      8      |      0.65      |      0.001       |
|       6000      |      8      |      0.7       |      0.0018      |
|       6000      |      8      |      0.75      |      0.0002      |
|       6000      |      8      |      0.8       |       0.0        |
|       6000      |      8      |      0.85      |       nan        |
|       6000      |      8      |      0.9       |       nan        |
|       6000      |      8      |      0.95      |       nan        |
|       4000      |      2      |      0.05      |      3.1876      |
|       4000      |      2      |      0.1       |      2.9613      |
|       4000      |      2      |      0.15      |      2.6383      |
|       4000      |      2      |      0.2       |      2.5504      |
|       4000      |      2      |      0.25      |      2.4395      |
|       4000      |      2      |      0.3       |      2.3311      |
|       4000      |      2      |      0.35      |      2.3121      |
|       4000      |      2      |      0.4       |      2.1578      |
|       4000      |      2      |      0.45      |      2.1066      |
|       4000      |      2      |      0.5       |      2.0546      |
|       4000      |      2      |      0.55      |      2.0481      |
|       4000      |      2      |      0.6       |      2.0602      |
|       4000      |      2      |      0.65      |      1.9552      |
|       4000      |      2      |      0.7       |      2.0584      |
|       4000      |      2      |      0.75      |      1.9977      |
|       4000      |      2      |      0.8       |      1.912       |
|       4000      |      2      |      0.85      |      1.9356      |
|       4000      |      2      |      0.9       |      1.8618      |
|       4000      |      2      |      0.95      |      1.8375      |
|       4000      |      3      |      0.05      |      2.9924      |
|       4000      |      3      |      0.1       |      2.7873      |
|       4000      |      3      |      0.15      |      2.3422      |
|       4000      |      3      |      0.2       |      1.9842      |
|       4000      |      3      |      0.25      |      2.0808      |
|       4000      |      3      |      0.3       |      1.6862      |
|       4000      |      3      |      0.35      |      1.8485      |
|       4000      |      3      |      0.4       |      1.7449      |
|       4000      |      3      |      0.45      |      1.5836      |
|       4000      |      3      |      0.5       |      1.3347      |
|       4000      |      3      |      0.55      |      1.2955      |
|       4000      |      3      |      0.6       |      1.4222      |
|       4000      |      3      |      0.65      |      1.037       |
|       4000      |      3      |      0.7       |      1.2056      |
|       4000      |      3      |      0.75      |      1.3866      |
|       4000      |      3      |      0.8       |      0.7331      |
|       4000      |      3      |      0.85      |      1.0873      |
|       4000      |      3      |      0.9       |      1.3032      |
|       4000      |      3      |      0.95      |      1.2007      |
|       4000      |      4      |      0.05      |      2.9192      |
|       4000      |      4      |      0.1       |      2.414       |
|       4000      |      4      |      0.15      |      1.8874      |
|       4000      |      4      |      0.2       |      1.4673      |
|       4000      |      4      |      0.25      |      0.9305      |
|       4000      |      4      |      0.3       |      0.9388      |
|       4000      |      4      |      0.35      |      0.792       |
|       4000      |      4      |      0.4       |      0.6869      |
|       4000      |      4      |      0.45      |      0.6068      |
|       4000      |      4      |      0.5       |       0.36       |
|       4000      |      4      |      0.55      |      0.604       |
|       4000      |      4      |      0.6       |      0.2844      |
|       4000      |      4      |      0.65      |      0.3766      |
|       4000      |      4      |      0.7       |      0.3983      |
|       4000      |      4      |      0.75      |      0.4038      |
|       4000      |      4      |      0.8       |      0.3312      |
|       4000      |      4      |      0.85      |      0.4092      |
|       4000      |      4      |      0.9       |      0.2449      |
|       4000      |      4      |      0.95      |      0.2486      |
|       4000      |      5      |      0.05      |      2.2705      |
|       4000      |      5      |      0.1       |      1.4917      |
|       4000      |      5      |      0.15      |      1.0721      |
|       4000      |      5      |      0.2       |      0.7578      |
|       4000      |      5      |      0.25      |      0.2432      |
|       4000      |      5      |      0.3       |      0.2965      |
|       4000      |      5      |      0.35      |      0.3209      |
|       4000      |      5      |      0.4       |      0.1915      |
|       4000      |      5      |      0.45      |      0.118       |
|       4000      |      5      |      0.5       |      0.1273      |
|       4000      |      5      |      0.55      |      0.0881      |
|       4000      |      5      |      0.6       |      0.1025      |
|       4000      |      5      |      0.65      |      0.0969      |
|       4000      |      5      |      0.7       |      0.1325      |
|       4000      |      5      |      0.75      |      0.1047      |
|       4000      |      5      |      0.8       |      0.0906      |
|       4000      |      5      |      0.85      |      0.0854      |
|       4000      |      5      |      0.9       |      0.0634      |
|       4000      |      5      |      0.95      |      0.066       |
|       4000      |      6      |      0.05      |      2.3334      |
|       4000      |      6      |      0.1       |      1.0512      |
|       4000      |      6      |      0.15      |      0.4845      |
|       4000      |      6      |      0.2       |      0.073       |
|       4000      |      6      |      0.25      |      0.3363      |
|       4000      |      6      |      0.3       |      0.0573      |
|       4000      |      6      |      0.35      |      0.0247      |
|       4000      |      6      |      0.4       |      0.1033      |
|       4000      |      6      |      0.45      |      0.0579      |
|       4000      |      6      |      0.5       |      0.106       |
|       4000      |      6      |      0.55      |      0.0427      |
|       4000      |      6      |      0.6       |      0.056       |
|       4000      |      6      |      0.65      |      0.0595      |
|       4000      |      6      |      0.7       |      0.0326      |
|       4000      |      6      |      0.75      |      0.0533      |
|       4000      |      6      |      0.8       |      0.0379      |
|       4000      |      6      |      0.85      |      0.0283      |
|       4000      |      6      |      0.9       |      0.0108      |
|       4000      |      6      |      0.95      |       0.0        |
|       4000      |      7      |      0.05      |      2.5529      |
|       4000      |      7      |      0.1       |      1.5515      |
|       4000      |      7      |      0.15      |      0.5562      |
|       4000      |      7      |      0.2       |      0.1911      |
|       4000      |      7      |      0.25      |      0.1775      |
|       4000      |      7      |      0.3       |      0.0825      |
|       4000      |      7      |      0.35      |      0.0254      |
|       4000      |      7      |      0.4       |      0.0809      |
|       4000      |      7      |      0.45      |      0.1116      |
|       4000      |      7      |      0.5       |      0.0478      |
|       4000      |      7      |      0.55      |      0.0165      |
|       4000      |      7      |      0.6       |      0.0259      |
|       4000      |      7      |      0.65      |      0.0372      |
|       4000      |      7      |      0.7       |      0.0171      |
|       4000      |      7      |      0.75      |      0.0145      |
|       4000      |      7      |      0.8       |      0.0298      |
|       4000      |      7      |      0.85      |      0.2979      |
|       4000      |      7      |      0.9       |       nan        |
|       4000      |      7      |      0.95      |       nan        |
|       4000      |      8      |      0.05      |      2.4582      |
|       4000      |      8      |      0.1       |      0.9945      |
|       4000      |      8      |      0.15      |      1.3348      |
|       4000      |      8      |      0.2       |      0.3928      |
|       4000      |      8      |      0.25      |      0.3401      |
|       4000      |      8      |      0.3       |      0.1534      |
|       4000      |      8      |      0.35      |      0.1312      |
|       4000      |      8      |      0.4       |      0.0858      |
|       4000      |      8      |      0.45      |      0.0296      |
|       4000      |      8      |      0.5       |      0.0509      |
|       4000      |      8      |      0.55      |      0.0629      |
|       4000      |      8      |      0.6       |      0.0587      |
|       4000      |      8      |      0.65      |      0.0375      |
|       4000      |      8      |      0.7       |      0.0188      |
|       4000      |      8      |      0.75      |      0.0114      |
|       4000      |      8      |      0.8       |       0.0        |
|       4000      |      8      |      0.85      |       nan        |
|       4000      |      8      |      0.9       |       nan        |
|       4000      |      8      |      0.95      |       nan        |
|       2000      |      2      |      0.05      |      3.3083      |
|       2000      |      2      |      0.1       |      2.9781      |
|       2000      |      2      |      0.15      |      2.8455      |
|       2000      |      2      |      0.2       |      2.6733      |
|       2000      |      2      |      0.25      |      2.4279      |
|       2000      |      2      |      0.3       |      2.4583      |
|       2000      |      2      |      0.35      |      2.3837      |
|       2000      |      2      |      0.4       |      2.2586      |
|       2000      |      2      |      0.45      |      2.2476      |
|       2000      |      2      |      0.5       |      2.2347      |
|       2000      |      2      |      0.55      |      2.159       |
|       2000      |      2      |      0.6       |      2.2233      |
|       2000      |      2      |      0.65      |      2.1407      |
|       2000      |      2      |      0.7       |      2.0482      |
|       2000      |      2      |      0.75      |      2.1114      |
|       2000      |      2      |      0.8       |      2.0775      |
|       2000      |      2      |      0.85      |      2.1201      |
|       2000      |      2      |      0.9       |      2.0749      |
|       2000      |      2      |      0.95      |      2.0436      |
|       2000      |      3      |      0.05      |      3.211       |
|       2000      |      3      |      0.1       |      2.7588      |
|       2000      |      3      |      0.15      |      2.5535      |
|       2000      |      3      |      0.2       |      2.5217      |
|       2000      |      3      |      0.25      |      2.117       |
|       2000      |      3      |      0.3       |      2.3143      |
|       2000      |      3      |      0.35      |      1.791       |
|       2000      |      3      |      0.4       |      1.9787      |
|       2000      |      3      |      0.45      |      2.0333      |
|       2000      |      3      |      0.5       |      2.0122      |
|       2000      |      3      |      0.55      |      1.6686      |
|       2000      |      3      |      0.6       |      1.9724      |
|       2000      |      3      |      0.65      |      1.9031      |
|       2000      |      3      |      0.7       |      1.9194      |
|       2000      |      3      |      0.75      |      1.5708      |
|       2000      |      3      |      0.8       |      1.7487      |
|       2000      |      3      |      0.85      |      1.8206      |
|       2000      |      3      |      0.9       |      1.7205      |
|       2000      |      3      |      0.95      |      1.8085      |
|       2000      |      4      |      0.05      |      2.961       |
|       2000      |      4      |      0.1       |      2.5891      |
|       2000      |      4      |      0.15      |      2.1707      |
|       2000      |      4      |      0.2       |      1.9952      |
|       2000      |      4      |      0.25      |      1.4157      |
|       2000      |      4      |      0.3       |      1.8152      |
|       2000      |      4      |      0.35      |      1.4424      |
|       2000      |      4      |      0.4       |      1.2938      |
|       2000      |      4      |      0.45      |      1.3491      |
|       2000      |      4      |      0.5       |      1.2788      |
|       2000      |      4      |      0.55      |      1.2604      |
|       2000      |      4      |      0.6       |      1.3094      |
|       2000      |      4      |      0.65      |      1.4519      |
|       2000      |      4      |      0.7       |      1.6034      |
|       2000      |      4      |      0.75      |      1.4865      |
|       2000      |      4      |      0.8       |      1.3401      |
|       2000      |      4      |      0.85      |      1.248       |
|       2000      |      4      |      0.9       |      1.2079      |
|       2000      |      4      |      0.95      |      0.9603      |
|       2000      |      5      |      0.05      |      3.0421      |
|       2000      |      5      |      0.1       |       2.41       |
|       2000      |      5      |      0.15      |      2.1314      |
|       2000      |      5      |      0.2       |      1.6561      |
|       2000      |      5      |      0.25      |      1.0235      |
|       2000      |      5      |      0.3       |      1.553       |
|       2000      |      5      |      0.35      |      1.0475      |
|       2000      |      5      |      0.4       |      1.0648      |
|       2000      |      5      |      0.45      |      1.3591      |
|       2000      |      5      |      0.5       |      1.0915      |
|       2000      |      5      |      0.55      |      0.7124      |
|       2000      |      5      |      0.6       |      0.5593      |
|       2000      |      5      |      0.65      |      0.8431      |
|       2000      |      5      |      0.7       |      0.9691      |
|       2000      |      5      |      0.75      |      0.6138      |
|       2000      |      5      |      0.8       |      0.756       |
|       2000      |      5      |      0.85      |      0.9158      |
|       2000      |      5      |      0.9       |      0.881       |
|       2000      |      5      |      0.95      |      0.7278      |
|       2000      |      6      |      0.05      |      2.5527      |
|       2000      |      6      |      0.1       |      1.4626      |
|       2000      |      6      |      0.15      |      1.3416      |
|       2000      |      6      |      0.2       |      1.2286      |
|       2000      |      6      |      0.25      |      1.3581      |
|       2000      |      6      |      0.3       |      1.0055      |
|       2000      |      6      |      0.35      |      0.6996      |
|       2000      |      6      |      0.4       |      1.2884      |
|       2000      |      6      |      0.45      |      0.6493      |
|       2000      |      6      |      0.5       |      0.6926      |
|       2000      |      6      |      0.55      |      0.6298      |
|       2000      |      6      |      0.6       |      0.8396      |
|       2000      |      6      |      0.65      |      0.6177      |
|       2000      |      6      |      0.7       |      0.2707      |
|       2000      |      6      |      0.75      |      0.4296      |
|       2000      |      6      |      0.8       |      0.294       |
|       2000      |      6      |      0.85      |      0.7365      |
|       2000      |      6      |      0.9       |      0.3817      |
|       2000      |      6      |      0.95      |      0.0004      |
|       2000      |      7      |      0.05      |      3.2501      |
|       2000      |      7      |      0.1       |      1.444       |
|       2000      |      7      |      0.15      |       0.85       |
|       2000      |      7      |      0.2       |      1.3819      |
|       2000      |      7      |      0.25      |      1.3504      |
|       2000      |      7      |      0.3       |      0.9096      |
|       2000      |      7      |      0.35      |      1.2667      |
|       2000      |      7      |      0.4       |      0.7447      |
|       2000      |      7      |      0.45      |      0.2867      |
|       2000      |      7      |      0.5       |      0.7977      |
|       2000      |      7      |      0.55      |      0.6315      |
|       2000      |      7      |      0.6       |      0.5532      |
|       2000      |      7      |      0.65      |      0.2867      |
|       2000      |      7      |      0.7       |      0.3833      |
|       2000      |      7      |      0.75      |      0.8907      |
|       2000      |      7      |      0.8       |      0.3246      |
|       2000      |      7      |      0.85      |      1.1782      |
|       2000      |      7      |      0.9       |       inf        |
|       2000      |      7      |      0.95      |       nan        |
|       2000      |      8      |      0.05      |      3.2725      |
|       2000      |      8      |      0.1       |      2.5924      |
|       2000      |      8      |      0.15      |      1.6359      |
|       2000      |      8      |      0.2       |      1.566       |
|       2000      |      8      |      0.25      |      0.6771      |
|       2000      |      8      |      0.3       |      0.6538      |
|       2000      |      8      |      0.35      |      0.8219      |
|       2000      |      8      |      0.4       |      0.5382      |
|       2000      |      8      |      0.45      |      0.8103      |
|       2000      |      8      |      0.5       |      0.8773      |
|       2000      |      8      |      0.55      |      0.5318      |
|       2000      |      8      |      0.6       |      0.5082      |
|       2000      |      8      |      0.65      |      0.7877      |
|       2000      |      8      |      0.7       |      0.5335      |
|       2000      |      8      |      0.75      |      0.1713      |
|       2000      |      8      |      0.8       |       0.0        |
|       2000      |      8      |      0.85      |       nan        |
|       2000      |      8      |      0.9       |       nan        |
|       2000      |      8      |      0.95      |       nan        |
+-----------------+-------------+----------------+------------------+